-1.292740466449667780e-01
7.794069340341032437e-02
3.789530265476154236e-02
-5.760444351539405206e-02
7.588019231343501314e-02
2.118732642517991427e-01
1.796219428434915888e-01
1.187923671872667536e-01
2.251858930331173791e+00
6.000000000000000000e+00
5.898677098575566546e+00
3.637680293845373392e+00
1.999671514318988930e+00
1.922268342939050356e+00
2.286797861856839198e+00
2.809448442679248092e+00
2.869740496312000566e+00
2.963358915400005955e+00
2.872696867441096646e+00
2.712067369426940822e+00
2.479141159255830118e+00
2.406217338071489298e+00
2.452265058082240046e+00
2.320124227312090781e+00
2.342431391286170506e+00
2.327559948636784171e+00
2.269507570101830130e+00
2.342520978290082656e+00
2.405142294024547045e+00
2.061128199002597583e+00
2.259294651655866293e+00
2.150177680891091292e+00
2.181264371248544442e+00
2.088900170215307828e+00
2.014632543972287859e+00
2.158419685250993147e+00
2.085047929047093795e+00
1.953892555319974189e+00
1.952727924269119342e+00
2.189595962612357116e+00
2.043300385224116944e+00
1.963657538746378828e+00
2.044465016274972236e+00
2.067936811299906363e+00
2.066593006241227215e+00
2.062561591065189326e+00
1.919311971809956052e+00
1.972616239137575445e+00
2.073849553558096748e+00
1.934720936482814180e+00
1.901125810015825923e+00
1.884193866276464790e+00
1.805805237853494560e+00
1.942783766834891290e+00
1.873443425807029161e+00
1.834473079105324755e+00
1.859109505181114397e+00
1.965807626840265776e+00
1.878101950010451215e+00
1.933287544420223325e+00
1.824080986651536840e+00
1.875145578881355579e+00
1.904440529160569717e+00
1.843969301519992277e+00
1.923253799982082013e+00
