-9.796683832941394110e-02
-1.928973298008513151e-02
-1.893251570267617812e-02
6.563867472390083613e-02
5.251093977912067723e-02
1.339564790283691298e-02
3.375703271514899906e-01
3.502515404995090176e-01
2.296103354865597357e+00
6.000000000000000000e+00
5.286637097014258657e+00
2.876224213377788885e+00
1.281516982704730578e+00
1.427350936206948528e+00
2.778793200964488008e+00
3.031613729050696815e+00
2.602327865924450645e+00
2.179293305152859350e+00
2.106956806477541910e+00
2.323609085226090887e+00
2.620099425475547417e+00
2.542315363319740840e+00
2.452564522370733080e+00
2.346828208257674131e+00
2.283868663114340780e+00
2.338433602238562781e+00
2.193403387610515232e+00
2.242163545976841643e+00
2.381746197124402276e+00
2.146786532908642631e+00
1.933617122614832207e+00
1.824665853005091876e+00
1.777155955109696484e+00
1.852171583365583185e+00
1.794302384425327634e+00
2.113743934748312014e+00
1.904771827464056155e+00
1.711160063108386531e+00
1.602833923734112709e+00
1.672669901467568554e+00
1.758937873961838649e+00
1.816092638347275967e+00
1.864049057839431756e+00
1.819932724079422304e+00
1.738397880510821336e+00
1.706516238502069793e+00
1.729288839936893529e+00
1.747417616765398751e+00
1.821540201827762440e+00
1.696246241776561803e+00
1.811895335337720514e+00
2.006132229928855981e+00
1.765367784955199637e+00
1.570237847170542267e+00
1.373589735956896263e+00
1.510671866162594412e+00
1.642574345845861261e+00
1.668293989819308321e+00
1.616229571636949025e+00
1.566219152799691816e+00
1.548715506206650883e+00
1.174530408120740166e+00
1.098353823713274169e+00
1.242044473551038086e+00
1.445390408716102471e+00
